100 20
477027 200169 272281 122932 300045 372757 177750 637493 949138 189293 760223 64836 115457 93780 627705 561943 517252 479091 987177 411511 483237 222080 27692 571390 759205 153216 929599 294077 882757 740122 583554 919650 148107 821921 983614 94591 16684 926882 771001 236203 52943 87310 562151 572691 588215 960389 788574 336211 841325 802846 30265 85977 842186 400784 195830 94067 917765 124588 787564 625776 50260 284731 817862 482655 388614 316121 888740 704235 900266 726100 805916 426204 520127 637988 884997 845432 833637 379732 942718 571719 822036 961250 119674 774887 615696 220487 462721 729340 437874 61642 884877 28572 908499 38917 472905 883771 550778 308895 382757 344998
1 1 1 1 1 0 1 1 0 0 1 1 0 1 0 1 0 0 0 0
1 1 0 0 1 0 0 0 1 0 1 1 1 1 1 1 1 0 1 1
1 0 0 1 0 0 0 0 1 1 1 0 1 1 1 1 0 0 0 1
1 1 0 0 0 1 1 0 0 0 0 1 0 1 1 1 0 1 1 0
0 1 0 0 0 0 0 0 0 0 1 1 0 0 1 0 0 0 1 1
1 1 0 0 1 1 0 0 0 1 0 1 1 1 0 1 1 1 1 1
0 1 1 0 1 0 0 0 1 1 0 1 1 1 0 0 0 1 0 0
0 0 1 1 0 0 1 1 1 0 1 0 1 0 0 0 0 1 0 1
0 1 1 1 1 0 1 1 1 0 1 0 0 0 0 0 1 0 1 1
0 1 1 0 0 1 0 1 0 1 1 1 1 1 0 1 0 1 0 0
1 1 0 1 1 0 0 0 0 0 1 1 0 1 1 0 1 0 1 0
1 1 0 1 1 1 1 0 0 0 1 0 1 1 1 1 1 0 1 1
0 0 0 1 1 0 1 0 0 0 1 0 1 0 0 0 1 1 1 0
1 1 0 1 0 0 0 0 1 1 1 1 1 0 1 1 0 0 1 0
0 1 1 0 1 0 0 1 1 0 0 0 0 1 1 0 0 0 0 0
1 1 0 0 1 0 0 1 1 0 1 1 1 1 1 1 1 0 1 0
0 1 1 0 1 1 0 0 0 0 1 1 1 0 1 0 0 1 1 1
0 0 1 0 1 1 1 0 1 0 0 1 0 0 0 1 1 0 0 0
1 1 0 0 0 1 0 1 1 1 0 0 0 1 0 1 0 0 1 1
1 0 1 1 0 0 0 1 1 0 1 0 0 0 0 1 0 1 1 0
1 0 1 1 1 0 1 1 1 0 0 0 0 0 0 0 1 0 1 0
0 1 0 0 0 0 1 0 0 1 0 1 0 0 1 0 0 1 1 1
1 1 0 1 1 1 0 1 0 0 0 0 1 0 1 1 1 0 0 1
0 0 1 0 1 1 1 0 0 1 0 0 0 0 0 1 0 0 1 1
0 0 1 0 0 1 1 0 0 0 0 0 0 1 0 0 1 1 0 1
1 1 0 0 1 1 1 1 1 0 0 0 0 0 0 1 1 1 0 0
0 1 1 1 1 1 1 1 1 0 1 0 0 0 1 1 1 1 0 0
1 0 1 1 0 1 1 0 1 1 0 0 0 1 0 0 0 1 1 0
1 1 0 0 0 1 1 0 1 1 0 1 1 0 0 0 0 1 1 1
1 1 1 0 1 1 1 1 1 1 0 1 1 0 0 0 0 0 0 0
1 1 0 1 1 0 0 0 0 1 1 0 1 1 0 0 0 1 1 0
0 1 1 1 0 1 0 0 1 1 1 1 0 0 0 0 0 1 0 1
1 0 0 1 0 0 0 1 0 1 1 1 1 1 0 0 1 0 0 1
0 0 1 0 1 1 1 0 0 0 1 1 0 0 0 1 0 0 1 0
0 1 0 0 1 0 1 1 1 1 0 1 0 1 0 0 0 0 0 1
0 0 0 0 1 1 0 0 0 0 1 1 0 1 0 0 0 0 1 1
0 0 0 1 0 0 0 1 1 0 0 0 0 1 0 1 0 1 1 1
1 1 0 0 1 0 0 1 0 0 0 1 0 0 1 1 1 1 1 0
0 0 0 1 1 1 0 0 1 1 1 0 0 1 0 1 1 0 0 1
1 1 1 1 0 0 1 1 1 1 1 1 1 0 1 0 1 0 1 0
1 1 0 1 0 1 1 1 1 0 1 1 1 0 0 0 0 1 0 0
0 1 1 1 0 1 0 1 1 0 0 0 0 1 1 0 0 0 1 0
1 0 0 1 0 0 1 0 0 0 0 1 0 0 1 1 0 1 1 1
0 1 0 1 1 1 1 0 1 1 0 1 0 1 1 1 1 1 1 0
0 1 0 0 0 1 0 0 0 0 0 1 1 0 1 0 0 1 1 1
0 0 1 0 0 1 0 1 0 1 0 0 1 0 0 1 0 0 1 0
0 0 0 0 1 0 1 1 0 0 0 1 1 0 0 0 1 0 1 1
0 1 0 1 1 1 0 0 1 1 0 0 0 0 0 1 1 0 1 1
0 0 1 1 1 1 0 0 1 1 0 1 1 1 1 0 1 1 1 0
1 0 1 1 1 1 1 0 1 1 1 0 0 0 1 0 0 0 0 1
1 0 0 0 0 0 1 0 1 1 0 0 0 0 0 0 0 0 0 1
1 1 0 1 1 0 0 1 1 1 0 0 1 1 1 1 0 0 0 1
1 1 1 1 0 1 1 1 0 0 1 0 0 1 1 1 1 1 0 1
0 1 1 1 0 0 0 1 1 0 1 1 1 1 0 0 1 0 1 1
1 0 1 0 1 1 0 0 0 0 0 1 0 0 0 0 0 0 1 0
0 1 1 1 0 1 1 1 1 1 1 0 1 1 0 1 1 0 1 1
0 0 1 0 1 0 1 1 1 1 0 1 1 0 0 0 0 0 1 0
0 0 0 0 1 0 1 1 0 1 0 0 0 0 1 1 1 0 1 0
0 1 0 1 1 1 0 1 0 1 1 1 0 0 1 0 1 0 0 0
1 1 0 0 0 1 1 0 0 1 0 1 1 1 0 0 1 1 0 0
0 0 0 1 0 1 1 0 1 0 0 0 0 0 0 0 0 0 1 0
0 0 0 1 1 1 1 1 0 1 0 0 0 1 1 1 1 1 1 0
1 0 0 1 0 1 0 1 0 1 1 1 1 0 0 0 1 0 1 0
0 0 1 1 0 1 1 0 1 1 0 1 1 1 0 1 0 0 1 0
0 1 1 0 1 0 1 0 0 0 1 1 1 1 1 1 1 0 0 0
0 0 1 0 0 0 1 1 1 0 0 1 1 0 1 1 1 1 1 1
1 1 1 0 1 1 1 1 0 0 0 1 0 1 1 0 1 1 1 1
1 1 0 0 0 1 1 0 0 0 0 0 1 0 0 1 1 0 1 1
1 0 0 1 1 1 1 0 0 0 0 1 1 1 1 0 1 0 0 0
0 1 0 0 1 0 1 1 1 0 1 0 1 0 1 0 0 0 1 1
0 0 1 0 0 1 1 0 1 0 0 1 0 0 0 0 0 1 0 1
1 0 0 1 0 0 1 0 0 1 0 1 0 1 0 1 1 1 0 1
0 0 1 1 0 1 0 1 1 0 1 1 1 1 1 0 0 1 1 0
0 1 1 0 1 1 1 1 0 1 0 0 0 0 0 1 1 0 0 1
0 1 0 1 0 0 0 1 1 1 0 0 0 0 1 0 0 1 1 1
0 1 1 1 1 0 0 1 0 0 0 1 0 0 1 0 0 0 1 0
1 0 1 0 1 0 0 0 0 0 0 1 0 1 1 1 1 1 1 1
1 1 1 0 1 1 1 0 0 0 0 0 1 0 0 1 0 1 0 0
1 1 0 1 1 0 1 1 1 1 1 0 1 1 1 1 0 0 1 1
0 1 1 1 0 0 1 0 1 0 0 1 0 1 0 1 0 1 0 0
1 0 0 0 1 1 0 1 1 0 1 1 1 1 0 0 1 1 0 1
0 1 0 0 0 1 0 0 1 0 0 0 0 0 1 1 0 1 1 1
0 0 0 1 1 1 0 1 1 1 0 1 1 0 1 1 0 1 0 1
0 0 1 1 1 0 1 1 1 1 0 0 0 1 0 1 0 0 1 0
0 0 1 1 1 0 0 0 1 0 1 0 1 0 0 1 1 1 0 0
0 0 1 1 1 0 1 1 0 1 1 0 0 1 0 1 1 1 1 1
1 0 0 0 1 1 0 0 1 1 0 0 0 1 1 0 0 0 0 0
0 1 1 0 1 0 0 1 0 0 0 0 1 1 0 0 0 1 0 1
1 0 0 0 0 1 0 0 1 1 1 1 0 1 0 1 1 1 1 0
0 0 1 1 1 1 0 0 0 0 1 1 1 0 0 1 1 0 0 1
0 0 1 0 0 1 0 1 1 0 1 1 0 0 0 0 0 0 1 1
0 0 1 1 0 0 1 1 0 0 0 1 0 1 0 0 0 0 0 0
0 1 1 1 0 1 1 0 1 0 0 0 1 1 0 1 0 0 0 1
1 0 1 0 1 0 1 1 1 1 1 1 1 0 1 0 0 0 0 1
0 0 1 1 0 1 1 0 1 1 1 1 0 0 1 1 1 0 1 0
0 1 1 1 1 0 0 0 1 0 1 0 1 1 1 1 0 0 0 0
1 1 1 0 1 1 0 1 0 1 1 0 1 1 1 1 1 1 0 1
1 0 0 0 0 0 1 0 1 1 0 1 1 0 0 1 0 0 0 1
0 0 1 1 0 1 1 0 1 0 1 1 0 0 0 1 0 0 1 0
0 0 1 0 0 1 1 0 0 0 0 1 0 0 1 1 1 0 0 0
